0 300 11020 120 -4922881 0
330 270 30 30 -1331 1
660 270 30 30 -1331 1
690 270 30 30 -1331 1
1020 270 30 30 -1331 1
1050 270 30 30 -1331 1
1080 270 30 30 -1331 0
1200 270 30 30 -1331 0
1200 240 30 30 -1331 0
1320 240 30 30 -1331 0
1320 270 30 30 -1331 0
1320 210 30 30 -1331 0
1620 270 30 30 -1331 1
1650 270 30 30 -1331 1
1890 270 30 30 -1331 0
1860 270 30 30 -1331 0
1920 270 30 30 -1331 0
1950 270 30 30 -1331 0
1980 270 30 30 -1331 0
2010 270 30 30 -1331 0
2040 270 30 30 -1331 0
2070 270 30 30 -1331 1
2100 270 30 30 -1331 1
2130 270 30 30 -1331 1
2160 270 30 30 -1331 0
2190 270 30 30 -1331 0
2250 270 30 30 -1331 0
2220 270 30 30 -1331 0
2280 270 30 30 -1331 0
2370 270 30 30 -1331 0
2340 270 30 30 -1331 0
2310 270 30 30 -1331 0
2400 270 30 30 -1331 1
2430 270 30 30 -1331 1
2400 270 30 30 -1331 0
2430 270 30 30 -1331 0
2460 270 30 30 -1331 0
2310 240 30 30 -1331 1
2490 270 30 30 -1331 1
2520 270 30 30 -1331 1
2550 270 30 30 -1331 1
2580 270 30 30 -1331 0
2580 240 30 30 -1331 0
2610 240 30 30 -1331 0
2640 240 30 30 -1331 0
2610 270 30 30 -1331 0
2640 270 30 30 -1331 0
2670 240 30 30 -1331 0
2670 270 30 30 -1331 0
2700 240 30 30 -1331 0
2700 270 30 30 -1331 0
2730 240 30 30 -1331 0
2730 270 30 30 -1331 0
2760 240 30 30 -1331 0
2760 270 30 30 -1331 0
2790 240 30 30 -1331 0
2790 270 30 30 -1331 0
2820 270 30 30 -1331 0
2820 240 30 30 -1331 0
2700 210 30 30 -1331 1
1110 270 30 30 -1331 1
1170 270 30 30 -1331 1
1140 270 30 30 -1331 1
1260 270 30 30 -1331 1
1230 270 30 30 -1331 1
1290 270 30 30 -1331 1
2940 210 30 30 -1331 0
3060 180 30 30 -1331 0
3180 150 30 30 -1331 0
3330 150 30 30 -1331 0
3330 180 30 30 -1331 0
3360 150 30 30 -1331 0
3360 180 30 30 -1331 0
3390 150 30 30 -1331 0
3390 180 30 30 -1331 0
3420 150 30 30 -1331 0
3420 180 30 30 -1331 0
3450 180 30 30 -1331 0
3480 150 30 30 -1331 0
3450 150 30 30 -1331 0
3480 180 30 30 -1331 0
3510 150 30 30 -1331 0
3510 180 30 30 -1331 0
3420 120 30 30 -1331 1
3420 120 30 30 -1331 1
3450 120 30 30 -1331 1
3450 120 30 30 -1331 1
3480 120 30 30 -1331 1
3480 120 30 30 -1331 1
3420 90 30 30 -1331 0
3450 90 30 30 -1331 0
3480 90 30 30 -1331 0
3540 150 30 30 -1331 0
3570 150 30 30 -1331 0
3540 180 30 30 -1331 0
3570 180 30 30 -1331 0
3600 180 30 30 -1331 0
3600 150 30 30 -1331 0
3630 150 30 30 -1331 0
3690 150 30 30 -1331 0
3660 150 30 30 -1331 0
3630 180 30 30 -1331 0
3660 180 30 30 -1331 0
3690 180 30 30 -1331 0
3630 120 30 30 -1331 1
3660 120 30 30 -1331 1
3690 120 30 30 -1331 1
3690 120 30 30 -1331 1
3630 90 30 30 -1331 1
3630 90 30 30 -1331 0
3660 90 30 30 -1331 0
3690 90 30 30 -1331 0
3720 150 30 30 -1331 0
3750 150 30 30 -1331 0
3780 150 30 30 -1331 0
3810 150 30 30 -1331 0
3810 180 30 30 -1331 0
3780 180 30 30 -1331 0
3720 180 30 30 -1331 0
3750 180 30 30 -1331 0
3840 210 30 30 -1331 0
3840 180 30 30 -1331 0
3870 210 30 30 -1331 0
3870 180 30 30 -1331 0
3900 210 30 30 -1331 0
3930 210 30 30 -1331 0
3960 210 30 30 -1331 0
3990 210 30 30 -1331 0
4020 210 30 30 -1331 0
4050 210 30 30 -1331 0
3960 150 30 30 -1331 0
3990 150 30 30 -1331 0
3960 120 30 30 -1331 1
3990 120 30 30 -1331 1
