0 300 11020 120 -4922881 0
360 270 30 30 -1331 0
390 270 30 30 -1331 0
510 240 30 30 -1331 0
510 270 30 30 -1331 0
540 240 30 30 -1331 0
570 240 30 30 -1331 0
570 270 30 30 -1331 0
540 270 30 30 -1331 0
690 180 30 30 -1331 0
690 210 30 30 -1331 0
690 240 30 30 -1331 0
690 270 30 30 -1331 0
690 60 30 30 -1331 0
690 30 30 30 -1331 0
690 0 30 30 -1331 0
690 90 30 90 -1331 2
720 180 30 30 -1331 0
750 210 30 30 -1331 0
780 240 30 30 -1331 0
810 270 30 30 -1331 0
750 240 30 30 -1331 0
780 270 30 30 -1331 0
750 270 30 30 -1331 0
720 270 30 30 -1331 0
720 240 30 30 -1331 0
720 210 30 30 -1331 0
720 0 30 30 -1331 0
750 0 30 30 -1331 0
780 0 30 30 -1331 0
810 30 30 30 -1331 0
840 30 30 30 -1331 0
840 60 30 30 -1331 0
870 90 30 30 -1331 0
900 120 30 30 -1331 0
900 90 30 30 -1331 0
870 60 30 30 -1331 0
870 30 30 30 -1331 0
870 0 30 30 -1331 0
840 0 30 30 -1331 0
810 0 30 30 -1331 0
900 60 30 30 -1331 0
900 0 30 30 -1331 0
900 30 30 30 -1331 0
930 90 30 30 -1331 0
960 60 30 30 -1331 0
930 30 30 30 -1331 0
930 60 30 30 -1331 0
960 30 30 30 -1331 0
960 0 30 30 -1331 0
990 0 30 30 -1331 0
930 0 30 30 -1331 0
990 30 30 30 -1331 0
1020 0 30 30 -1331 0
1170 90 30 30 -1331 0
1200 90 30 30 -1331 0
1230 90 30 30 -1331 0
1260 90 30 30 -1331 0
1290 90 30 30 -1331 0
1320 90 30 30 -1331 0
1350 90 30 30 -1331 0
1170 210 30 30 -1331 0
1200 210 30 30 -1331 0
1230 210 30 30 -1331 0
1260 210 30 30 -1331 0
1290 210 30 30 -1331 0
1320 210 30 30 -1331 0
1350 210 30 30 -1331 0
1410 90 30 30 -1331 0
1380 90 30 30 -1331 0
1440 90 30 30 -1331 0
1470 90 30 30 -1331 0
1500 90 30 30 -1331 0
1380 210 30 30 -1331 0
1410 210 30 30 -1331 0
1440 210 30 30 -1331 0
1470 210 30 30 -1331 0
1500 210 30 30 -1331 0
1530 90 30 30 -1331 0
1530 210 30 30 -1331 0
1560 120 30 30 -1331 0
1560 90 30 30 -1331 0
1560 150 30 30 -1331 0
1560 180 30 30 -1331 0
1560 210 30 30 -1331 0
1590 210 30 30 -1331 0
1590 180 30 30 -1331 0
1590 90 30 30 -1331 0
1590 150 30 30 -1331 0
1590 120 30 30 -1331 0
1620 120 30 30 -1331 0
1620 150 30 30 -1331 0
1620 180 30 30 -1331 0
1650 150 30 30 -1331 0
1830 0 30 30 -1331 0
1830 30 30 30 -1331 0
1830 60 30 30 -1331 0
1830 270 30 30 -1331 0
1830 240 30 30 -1331 0
1830 210 30 30 -1331 0
1830 90 30 30 -1331 0
1830 120 30 90 -1331 3
1860 210 30 30 -1331 0
1860 240 30 30 -1331 0
1860 270 30 30 -1331 0
1890 240 30 30 -1331 0
1890 270 30 30 -1331 0
1860 90 30 30 -1331 0
1860 60 30 30 -1331 0
1860 30 30 30 -1331 0
1890 30 30 30 -1331 0
1890 60 30 30 -1331 0
1920 30 30 30 -1331 0
1920 0 30 30 -1331 0
1950 0 30 30 -1331 0
1890 0 30 30 -1331 0
1860 0 30 30 -1331 0
2160 270 30 30 -1331 0
2160 240 30 30 -1331 1
2370 270 30 30 -1331 0
2370 240 30 30 -1331 1
2580 270 30 30 -1331 0
2580 240 30 30 -1331 1
2790 270 30 30 -1331 0
2820 270 30 30 -1331 0
2970 240 30 30 -1331 0
3000 240 30 30 -1331 0
2940 240 30 30 -1331 0
3240 270 30 30 -1331 0
3240 240 30 30 -1331 0
3360 210 30 30 -1331 0
3360 240 30 30 -1331 0
3360 270 30 30 -1331 0
1920 270 30 30 -1331 0
1800 270 30 30 -1331 1
1770 270 30 30 -1331 1
1740 270 30 30 -1331 1
1590 60 30 30 -1331 1
1560 60 30 30 -1331 1
3420 240 30 30 -1331 0
3420 270 30 30 -1331 0
3540 210 30 30 -1331 0
3540 240 30 30 -1331 0
3540 270 30 30 -1331 0
3600 240 30 30 -1331 0
3600 270 30 30 -1331 0
3510 270 30 30 -1331 1
3480 270 30 30 -1331 1
3450 270 30 30 -1331 1
3390 270 30 30 -1331 1
3330 270 30 30 -1331 1
3300 270 30 30 -1331 1
3270 270 30 30 -1331 1
3570 270 30 30 -1331 1
3630 270 30 30 -1331 1
3660 270 30 30 -1331 1
3690 270 30 30 -1331 1
3720 210 30 30 -1331 0
3720 240 30 30 -1331 0
3720 270 30 30 -1331 0
3720 180 30 30 -1331 0
3930 180 30 30 -1331 0
3930 120 30 30 -1331 0
3930 150 30 30 -1331 0
3930 90 30 30 -1331 0
3930 30 30 30 -1331 0
3930 60 30 30 -1331 0
3930 0 30 30 -1331 0
4140 90 30 30 -1331 0
4140 120 30 30 -1331 0
4140 150 30 30 -1331 0
4140 180 30 30 -1331 0
4140 210 30 30 -1331 0
4140 240 30 30 -1331 0
4140 270 30 30 -1331 0
4140 0 30 90 -1331 3
4320 210 30 90 -1331 2
4320 180 30 30 -1331 0
4320 150 30 30 -1331 0
4320 120 30 30 -1331 0
4320 90 30 30 -1331 0
4320 60 30 30 -1331 0
4320 30 30 30 -1331 0
4320 0 30 30 -1331 0
3930 210 30 90 -1331 2
4530 210 30 30 -1331 0
4530 180 30 30 -1331 0
4530 150 30 30 -1331 0
4530 120 30 30 -1331 0
4530 90 30 30 -1331 0
4530 0 30 90 -1331 3
4560 180 30 30 -1331 0
4560 210 30 30 -1331 0
4590 210 30 30 -1331 0
4590 180 30 30 -1331 0
4620 180 30 30 -1331 0
4620 210 30 30 -1331 0
4620 240 30 30 -1331 0
4590 240 30 30 -1331 0
4560 270 30 30 -1331 0
4590 270 30 30 -1331 0
4620 270 30 30 -1331 0
4560 240 30 30 -1331 0
4650 180 30 30 -1331 0
4650 240 30 30 -1331 0
4650 270 30 30 -1331 0
4650 210 30 30 -1331 0
4770 150 30 30 -1331 0
4770 180 30 30 -1331 0
4770 210 30 30 -1331 0
4770 240 30 30 -1331 0
4770 270 30 30 -1331 0
4800 270 30 30 -1331 0
4830 270 30 30 -1331 0
4800 240 30 30 -1331 0
4830 240 30 30 -1331 0
4830 210 30 30 -1331 0
4800 210 30 30 -1331 0
4830 180 30 30 -1331 0
4830 150 30 30 -1331 0
4800 180 30 30 -1331 0
4800 150 30 30 -1331 0
4890 210 30 30 -1331 0
4920 210 30 30 -1331 0
4890 240 30 30 -1331 0
4860 240 30 30 -1331 0
4860 210 30 30 -1331 0
4860 270 30 30 -1331 0
4890 270 30 30 -1331 0
4920 270 30 30 -1331 0
4920 240 30 30 -1331 0
4950 270 30 30 -1331 0
4980 270 30 30 -1331 0
5010 270 30 30 -1331 0
5070 270 30 30 -1331 0
5040 270 30 30 -1331 0
5100 210 30 30 -1331 0
5100 240 30 30 -1331 0
5100 270 30 30 -1331 0
5130 240 30 30 -1331 0
5130 210 30 30 -1331 0
5160 240 30 30 -1331 0
5160 210 30 30 -1331 0
5160 270 30 30 -1331 0
5190 270 30 30 -1331 0
5220 270 30 30 -1331 0
5250 270 30 30 -1331 0
5250 240 30 30 -1331 0
5220 240 30 30 -1331 0
5190 210 30 30 -1331 0
5190 240 30 30 -1331 0
5220 150 30 30 -1331 0
5250 150 30 30 -1331 0
5250 180 30 30 -1331 0
5220 210 30 30 -1331 0
5220 180 30 30 -1331 0
5250 210 30 30 -1331 0
480 270 30 30 -1331 1
420 270 30 30 -1331 1
450 270 30 30 -1331 1
600 270 30 30 -1331 1
660 270 30 30 -1331 1
630 270 30 30 -1331 1
2850 270 30 30 -1331 1
2880 270 30 30 -1331 1
2910 270 30 30 -1331 1
5280 150 30 30 -1331 0
5280 180 30 30 -1331 0
5280 210 30 30 -1331 0
5280 240 30 30 -1331 0
5280 270 30 30 -1331 0
5310 270 30 30 -1331 1
5340 270 30 30 -1331 1
5370 270 30 30 -1331 1
5400 270 30 30 -1331 1
5430 270 30 30 -1331 1
5460 270 30 30 -1331 1
5550 210 30 90 -1331 2
5550 180 30 30 -1331 0
5550 150 30 30 -1331 0
5550 120 30 30 -1331 0
5550 90 30 30 -1331 0
5550 60 30 30 -1331 0
5550 0 30 30 -1331 0
5550 30 30 30 -1331 0
5730 270 30 30 -1331 0
5760 240 30 30 -1331 0
5790 210 30 30 -1331 0
5820 180 30 30 -1331 0
5850 210 30 30 -1331 0
5880 240 30 30 -1331 0
5910 270 30 30 -1331 0
5940 0 30 30 -1331 0
5970 30 30 30 -1331 0
6000 60 30 30 -1331 0
6030 90 30 30 -1331 0
6060 60 30 30 -1331 0
6090 30 30 30 -1331 0
6120 0 30 30 -1331 0
6180 270 30 30 -1331 0
6210 240 30 30 -1331 0
6240 210 30 30 -1331 0
6270 180 30 30 -1331 0
6300 210 30 30 -1331 0
6330 240 30 30 -1331 0
6360 270 30 30 -1331 0
6420 0 30 30 -1331 0
6450 30 30 30 -1331 0
6480 60 30 30 -1331 0
6510 90 30 30 -1331 0
6540 60 30 30 -1331 0
6570 30 30 30 -1331 0
6600 0 30 30 -1331 0
6660 270 30 30 -1331 0
6690 240 30 30 -1331 0
6720 210 30 30 -1331 0
6750 180 30 30 -1331 0
6780 210 30 30 -1331 0
6810 240 30 30 -1331 0
6840 270 30 30 -1331 0
6990 30 30 30 -1331 0
6990 0 30 30 -1331 0
6990 60 30 30 -1331 0
6990 90 30 30 -1331 0
6990 210 30 30 -1331 0
6990 240 30 30 -1331 0
6990 270 30 30 -1331 0
5760 270 30 30 -1331 1
5790 270 30 30 -1331 1
5820 270 30 30 -1331 1
5880 270 30 30 -1331 1
5850 270 30 30 -1331 1
5790 240 30 30 -1331 0
5820 240 30 30 -1331 0
5850 240 30 30 -1331 0
5820 210 30 30 -1331 0
6000 30 30 30 -1331 0
6030 30 30 30 -1331 0
6060 30 30 30 -1331 0
6030 60 30 30 -1331 0
6240 240 30 30 -1331 0
6270 240 30 30 -1331 0
6270 210 30 30 -1331 0
6300 240 30 30 -1331 0
6510 30 30 30 -1331 0
6480 30 30 30 -1331 0
6540 30 30 30 -1331 0
6510 60 30 30 -1331 0
5970 0 30 30 -1331 1
6000 0 30 30 -1331 1
6030 0 30 30 -1331 1
6060 0 30 30 -1331 1
6090 0 30 30 -1331 1
6210 270 30 30 -1331 1
6270 270 30 30 -1331 1
6240 270 30 30 -1331 1
6300 270 30 30 -1331 1
6330 270 30 30 -1331 1
6450 0 30 30 -1331 1
6480 0 30 30 -1331 1
6510 0 30 30 -1331 1
6540 0 30 30 -1331 1
6570 0 30 30 -1331 1
6690 270 30 30 -1331 1
6720 270 30 30 -1331 1
6750 270 30 30 -1331 1
6780 270 30 30 -1331 1
6810 270 30 30 -1331 1
6750 240 30 30 -1331 0
6720 240 30 30 -1331 0
6750 210 30 30 -1331 0
6780 240 30 30 -1331 0
5130 270 30 30 -1331 0
4530 240 30 30 -1331 0
4530 270 30 30 -1331 0
7020 210 30 30 -1331 0
7020 90 30 30 -1331 0
6990 120 30 90 -1331 3
7080 210 30 30 -1331 0
7050 210 30 30 -1331 0
7110 210 30 30 -1331 0
7110 240 30 30 -1331 0
7110 270 30 30 -1331 0
7080 90 30 30 -1331 0
7050 90 30 30 -1331 0
7110 90 30 30 -1331 0
7110 60 30 30 -1331 0
7110 30 30 30 -1331 0
7110 0 30 30 -1331 0
7260 90 30 30 -1331 0
7260 60 30 30 -1331 0
7260 30 30 30 -1331 0
7260 0 30 30 -1331 0
7290 90 30 30 -1331 0
7320 90 30 30 -1331 0
7350 90 30 30 -1331 0
7380 90 30 30 -1331 0
7380 30 30 30 -1331 0
7380 0 30 30 -1331 0
7380 60 30 30 -1331 0
7260 210 30 30 -1331 0
7290 210 30 30 -1331 0
7320 210 30 30 -1331 0
7350 210 30 30 -1331 0
7380 210 30 30 -1331 0
7380 240 30 30 -1331 0
7380 270 30 30 -1331 0
7260 240 30 30 -1331 0
7260 270 30 30 -1331 0
7530 210 30 30 -1331 0
7530 240 30 30 -1331 0
7530 270 30 30 -1331 0
7560 210 30 30 -1331 0
7590 210 30 30 -1331 0
7620 210 30 30 -1331 0
7650 210 30 30 -1331 0
7650 240 30 30 -1331 0
7650 270 30 30 -1331 0
7530 90 30 30 -1331 0
7530 60 30 30 -1331 0
7530 30 30 30 -1331 0
7530 0 30 30 -1331 0
7560 90 30 30 -1331 0
7590 90 30 30 -1331 0
7650 90 30 30 -1331 0
7620 90 30 30 -1331 0
7650 60 30 30 -1331 0
7650 30 30 30 -1331 0
7650 0 30 30 -1331 0
7680 210 30 30 -1331 0
7710 210 30 30 -1331 0
7740 210 30 30 -1331 0
7770 210 30 30 -1331 0
7770 240 30 30 -1331 0
7770 270 30 30 -1331 0
7680 90 30 30 -1331 0
7710 90 30 30 -1331 0
7740 90 30 30 -1331 0
7770 90 30 30 -1331 0
7770 60 30 30 -1331 0
7770 0 30 30 -1331 0
7770 30 30 30 -1331 0
7800 90 30 30 -1331 0
7830 90 30 30 -1331 0
7860 90 30 30 -1331 0
7890 90 30 30 -1331 0
7890 60 30 30 -1331 0
7890 30 30 30 -1331 0
7890 0 30 30 -1331 0
7920 60 30 30 -1331 0
7950 30 30 30 -1331 0
7980 0 30 30 -1331 0
7800 210 30 30 -1331 0
7830 210 30 30 -1331 0
7860 210 30 30 -1331 0
7890 210 30 30 -1331 0
7890 240 30 30 -1331 0
7890 270 30 30 -1331 0
7920 240 30 30 -1331 0
7950 270 30 30 -1331 0
7530 120 30 90 -1331 2
7590 120 30 90 -1331 3
7710 120 30 90 -1331 3
7650 120 30 90 -1331 2
8220 270 30 30 -1331 1
8250 270 30 30 -1331 1
8280 270 30 30 -1331 1
8490 270 30 30 -1331 1
8520 270 30 30 -1331 1
8550 270 30 30 -1331 1
8730 270 30 30 -1331 1
8760 270 30 30 -1331 1
8790 270 30 30 -1331 1
9000 270 30 30 -1331 0
9000 240 30 30 -1331 0
9120 210 30 30 -1331 0
9120 240 30 30 -1331 0
9120 270 30 30 -1331 0
9240 180 30 30 -1331 0
9240 210 30 30 -1331 0
9240 240 30 30 -1331 0
9240 270 30 30 -1331 0
9300 210 30 30 -1331 0
9300 240 30 30 -1331 0
9300 270 30 30 -1331 0
9360 240 30 30 -1331 0
9360 270 30 30 -1331 0
9480 180 30 30 -1331 0
9480 210 30 30 -1331 0
9480 240 30 30 -1331 0
9480 270 30 30 -1331 0
9600 240 30 30 -1331 0
9600 210 30 30 -1331 0
9600 270 30 30 -1331 0
9660 180 30 30 -1331 0
9630 180 30 30 -1331 0
9690 180 30 30 -1331 0
9720 180 30 30 -1331 0
9750 180 30 30 -1331 0
9630 210 30 90 -1331 3
9690 210 30 90 -1331 3
9720 210 30 90 -1331 2
9660 210 30 90 -1331 2
9600 180 30 30 -1331 0
9750 210 30 30 -1331 0
9750 240 30 30 -1331 0
9750 270 30 30 -1331 0
