0 300 11020 120 -4922881 0
330 270 30 30 -1331 1
660 270 30 30 -1331 1
690 270 30 30 -1331 1
1020 270 30 30 -1331 1
1050 270 30 30 -1331 1
1080 270 30 30 -1331 0
1200 270 30 30 -1331 0
1200 240 30 30 -1331 0
1320 240 30 30 -1331 0
1320 270 30 30 -1331 0
1320 210 30 30 -1331 0
1620 270 30 30 -1331 1
1650 270 30 30 -1331 1
1890 270 30 30 -1331 0
1860 270 30 30 -1331 0
1920 270 30 30 -1331 0
1950 270 30 30 -1331 0
1980 270 30 30 -1331 0
2010 270 30 30 -1331 0
2040 270 30 30 -1331 0
2070 270 30 30 -1331 1
2100 270 30 30 -1331 1
2130 270 30 30 -1331 1
2160 270 30 30 -1331 0
2190 270 30 30 -1331 0
2250 270 30 30 -1331 0
2220 270 30 30 -1331 0
2280 270 30 30 -1331 0
2370 270 30 30 -1331 0
2340 270 30 30 -1331 0
2310 270 30 30 -1331 0
2400 270 30 30 -1331 1
2430 270 30 30 -1331 1
2400 270 30 30 -1331 0
2430 270 30 30 -1331 0
2460 270 30 30 -1331 0
2310 240 30 30 -1331 1
2490 270 30 30 -1331 1
2520 270 30 30 -1331 1
2550 270 30 30 -1331 1
2580 270 30 30 -1331 0
2580 240 30 30 -1331 0
2610 240 30 30 -1331 0
2640 240 30 30 -1331 0
2610 270 30 30 -1331 0
2640 270 30 30 -1331 0
2670 240 30 30 -1331 0
2670 270 30 30 -1331 0
2700 240 30 30 -1331 0
2700 270 30 30 -1331 0
2730 240 30 30 -1331 0
2730 270 30 30 -1331 0
2760 240 30 30 -1331 0
2760 270 30 30 -1331 0
2790 240 30 30 -1331 0
2790 270 30 30 -1331 0
2820 270 30 30 -1331 0
2820 240 30 30 -1331 0
2700 210 30 30 -1331 1
1110 270 30 30 -1331 1
1170 270 30 30 -1331 1
1140 270 30 30 -1331 1
1260 270 30 30 -1331 1
1230 270 30 30 -1331 1
1290 270 30 30 -1331 1
2910 180 30 30 -1331 0
2940 180 30 30 -1331 0
3030 120 30 30 -1331 0
3060 120 30 30 -1331 0
3180 90 30 30 -1331 0
3360 150 30 30 -1331 0
3390 150 30 30 -1331 0
3420 150 30 30 -1331 0
3450 150 30 30 -1331 0
3270 180 30 30 -1331 0
3300 180 30 30 -1331 0
3330 180 30 30 -1331 0
3270 150 30 30 -1331 0
3300 150 30 30 -1331 0
3480 150 30 30 -1331 0
3510 150 30 30 -1331 0
3540 150 30 30 -1331 0
3570 150 30 30 -1331 0
3390 90 30 30 -1331 0
3420 90 30 30 -1331 0
3360 120 30 30 -1331 1
3390 120 30 30 -1331 1
3420 120 30 30 -1331 1
3450 120 30 30 -1331 1
3600 150 30 30 -1331 0
3630 150 30 30 -1331 0
3660 150 30 30 -1331 0
3630 120 30 30 -1331 1
3660 120 30 30 -1331 1
3690 150 30 30 -1331 0
3720 150 30 30 -1331 0
3690 120 30 30 -1331 1
3720 120 30 30 -1331 1
3660 90 30 30 -1331 1
3660 90 30 30 -1331 0
3690 90 30 30 -1331 0
3750 150 30 30 -1331 0
3780 180 30 30 -1331 0
3780 210 30 30 -1331 0
3750 180 30 30 -1331 0
3750 210 30 30 -1331 0
3810 210 30 30 -1331 0
3810 180 30 30 -1331 0
3840 210 30 30 -1331 0
3870 210 30 30 -1331 0
3900 210 30 30 -1331 0
3930 210 30 30 -1331 0
3960 210 30 30 -1331 0
3990 210 30 30 -1331 0
4020 210 30 30 -1331 0
4080 210 30 30 -1331 0
4050 210 30 30 -1331 0
3930 150 30 30 -1331 0
3960 150 30 30 -1331 0
3990 150 30 30 -1331 0
4020 150 30 30 -1331 0
3930 120 30 30 -1331 1
3960 120 30 30 -1331 1
3990 120 30 30 -1331 1
4020 120 30 30 -1331 1
4110 210 30 30 -1331 0
4140 210 30 30 -1331 0
4170 210 30 30 -1331 0
4200 210 30 30 -1331 0
4200 180 30 30 -1331 0
4230 180 30 30 -1331 0
4260 180 30 30 -1331 0
4230 210 30 30 -1331 0
4260 210 30 30 -1331 0
4290 210 30 30 -1331 0
4290 180 30 30 -1331 0
4320 180 30 30 -1331 0
4350 210 30 30 -1331 0
4320 210 30 30 -1331 0
4350 180 30 30 -1331 0
4350 150 30 30 -1331 1
4350 240 30 30 -1331 0
4380 270 30 30 -1331 1
4320 240 30 30 -1331 0
4350 270 30 30 -1331 0
4320 270 30 30 -1331 0
4410 210 30 30 -1331 0
4440 210 30 30 -1331 0
4470 210 30 30 -1331 0
4500 210 30 30 -1331 0
4530 210 30 30 -1331 0
4530 180 30 30 -1331 1
4410 270 30 30 -1331 1
4440 270 30 30 -1331 1
4470 270 30 30 -1331 1
4530 270 30 30 -1331 1
4500 270 30 30 -1331 1
4560 270 30 30 -1331 1
4590 270 30 30 -1331 1
4590 270 30 30 -1331 1
4620 270 30 30 -1331 1
4620 270 30 30 -1331 1
4680 270 30 30 -1331 1
4680 270 30 30 -1331 1
4650 270 30 30 -1331 1
4650 270 30 30 -1331 1
4710 270 30 30 -1331 1
4710 270 30 30 -1331 1
4740 270 30 30 -1331 1
4740 270 30 30 -1331 1
4770 270 30 30 -1331 1
4800 270 30 30 -1331 1
4830 270 30 30 -1331 1
4620 240 30 30 -1331 0
4650 240 30 30 -1331 0
4680 240 30 30 -1331 0
4710 240 30 30 -1331 0
4740 240 30 30 -1331 0
4770 240 30 30 -1331 0
4800 240 30 30 -1331 0
4830 240 30 30 -1331 0
4830 210 30 30 -1331 1
4920 210 30 30 -1331 0
4950 210 30 30 -1331 0
5040 180 30 30 -1331 0
5070 180 30 30 -1331 0
5100 180 30 30 -1331 0
5190 150 30 30 -1331 0
5220 150 30 30 -1331 0
5250 150 30 30 -1331 0
5340 240 30 30 -1331 0
5370 240 30 30 -1331 0
5400 240 30 30 -1331 0
5430 240 30 30 -1331 0
5460 240 30 30 -1331 0
5490 240 30 30 -1331 0
5550 240 30 30 -1331 0
5520 240 30 30 -1331 0
3090 120 30 30 -1331 0
3210 90 30 30 -1331 0
3270 210 30 30 -1331 0
3270 240 30 30 -1331 0
3300 270 30 30 -1331 0
3270 270 30 30 -1331 0
3300 240 30 30 -1331 0
3300 210 30 30 -1331 0
3330 210 30 30 -1331 0
3330 240 30 30 -1331 0
3330 270 30 30 -1331 0
3360 270 30 30 -1331 0
3360 240 30 30 -1331 0
3360 210 30 30 -1331 0
3360 180 30 30 -1331 0
3390 180 30 30 -1331 0
3390 210 30 30 -1331 0
3390 240 30 30 -1331 0
3420 270 30 30 -1331 0
3390 270 30 30 -1331 0
3420 240 30 30 -1331 0
3420 210 30 30 -1331 0
3420 180 30 30 -1331 0
3450 180 30 30 -1331 0
3450 210 30 30 -1331 0
3450 240 30 30 -1331 0
3450 270 30 30 -1331 0
3480 270 30 30 -1331 0
3480 240 30 30 -1331 0
3480 210 30 30 -1331 0
3480 180 30 30 -1331 0
3510 180 30 30 -1331 0
3510 210 30 30 -1331 0
3510 240 30 30 -1331 0
3540 240 30 30 -1331 0
3540 270 30 30 -1331 0
3510 270 30 30 -1331 0
3570 240 30 30 -1331 0
3570 270 30 30 -1331 0
3540 210 30 30 -1331 0
3570 180 30 30 -1331 0
3570 210 30 30 -1331 0
3540 180 30 30 -1331 0
3600 180 30 30 -1331 0
3600 210 30 30 -1331 0
3600 240 30 30 -1331 0
3600 270 30 30 -1331 0
3630 240 30 30 -1331 0
3630 210 30 30 -1331 0
3630 180 30 30 -1331 0
3690 180 30 30 -1331 0
3660 180 30 30 -1331 0
3720 180 30 30 -1331 0
3720 210 30 30 -1331 0
3660 210 30 30 -1331 0
3690 210 30 30 -1331 0
3660 240 30 30 -1331 0
3630 270 30 30 -1331 0
3660 270 30 30 -1331 0
4290 270 30 30 -1331 0
4230 270 30 30 -1331 0
4260 270 30 30 -1331 0
4200 270 30 30 -1331 0
4170 270 30 30 -1331 0
4110 270 30 30 -1331 0
4080 270 30 30 -1331 0
4050 270 30 30 -1331 0
4020 270 30 30 -1331 0
3990 270 30 30 -1331 0
3960 270 30 30 -1331 0
4290 240 30 30 -1331 0
4260 240 30 30 -1331 0
4230 240 30 30 -1331 0
4200 240 30 30 -1331 0
4170 240 30 30 -1331 0
4140 240 30 30 -1331 0
4140 270 30 30 -1331 0
4110 240 30 30 -1331 0
4080 240 30 30 -1331 0
4050 240 30 30 -1331 0
4020 240 30 30 -1331 0
3990 240 30 30 -1331 0
3960 240 30 30 -1331 0
3930 240 30 30 -1331 0
3930 270 30 30 -1331 0
3900 270 30 30 -1331 0
3900 240 30 30 -1331 0
3870 240 30 30 -1331 0
3870 270 30 30 -1331 0
3840 240 30 30 -1331 0
3810 240 30 30 -1331 0
3810 270 30 30 -1331 0
3840 270 30 30 -1331 0
3750 270 30 30 -1331 0
3780 240 30 30 -1331 0
3720 240 30 30 -1331 0
3690 240 30 30 -1331 0
3720 270 30 30 -1331 0
3750 240 30 30 -1331 0
3780 270 30 30 -1331 0
3690 270 30 30 -1331 0
5340 270 30 30 -1331 0
5370 270 30 30 -1331 0
5400 270 30 30 -1331 0
5430 270 30 30 -1331 0
5490 270 30 30 -1331 0
5460 270 30 30 -1331 0
5520 270 30 30 -1331 0
5550 270 30 30 -1331 0
5580 270 30 30 -1331 0
5580 240 30 30 -1331 0
5610 240 30 30 -1331 0
5610 270 30 30 -1331 0
5430 120 30 30 -1331 0
5460 120 30 30 -1331 0
5520 120 30 30 -1331 0
5490 120 30 30 -1331 0
5550 120 30 30 -1331 0
5580 120 30 30 -1331 0
5640 150 30 30 -1331 0
5640 120 30 30 -1331 0
5610 120 30 30 -1331 0
5700 150 30 30 -1331 0
5670 150 30 30 -1331 0
5730 150 30 30 -1331 0
5760 150 30 30 -1331 0
5640 240 30 30 -1331 0
5670 240 30 30 -1331 0
5670 270 30 30 -1331 0
5640 270 30 30 -1331 0
5700 240 30 30 -1331 0
5700 270 30 30 -1331 0
5730 240 30 30 -1331 0
5730 270 30 30 -1331 0
5760 240 30 30 -1331 0
5760 270 30 30 -1331 0
5790 150 30 90 -1331 2
5700 120 30 30 -1331 0
5670 120 30 30 -1331 0
5730 120 30 30 -1331 0
5760 120 30 30 -1331 0
5760 90 30 30 -1331 0
5730 90 30 30 -1331 0
5700 90 30 30 -1331 0
5670 90 30 30 -1331 0
5610 90 30 30 -1331 0
5640 90 30 30 -1331 0
5580 90 30 30 -1331 0
5520 90 30 30 -1331 0
5490 90 30 30 -1331 0
5460 90 30 30 -1331 0
5430 90 30 30 -1331 0
5550 90 30 30 -1331 0
5760 60 30 30 -1331 0
5760 30 30 30 -1331 0
5760 0 30 30 -1331 0
5730 30 30 30 -1331 0
5730 0 30 30 -1331 0
5700 0 30 30 -1331 0
5640 0 30 30 -1331 0
5610 0 30 30 -1331 0
5430 0 30 30 -1331 0
5430 30 30 30 -1331 0
5460 60 30 30 -1331 0
5430 60 30 30 -1331 0
5460 30 30 30 -1331 0
5460 0 30 30 -1331 0
5490 0 30 30 -1331 0
5490 30 30 30 -1331 0
5490 60 30 30 -1331 0
5520 30 30 30 -1331 0
5520 0 30 30 -1331 0
5520 60 30 30 -1331 0
5550 60 30 30 -1331 0
5550 30 30 30 -1331 0
5550 0 30 30 -1331 0
5580 0 30 30 -1331 0
5580 30 30 30 -1331 0
5580 60 30 30 -1331 0
5610 60 30 30 -1331 0
5640 30 30 30 -1331 0
5610 30 30 30 -1331 0
5640 60 30 30 -1331 0
5670 0 30 30 -1331 0
5670 30 30 30 -1331 0
5670 60 30 30 -1331 0
5700 60 30 30 -1331 0
5700 30 30 30 -1331 0
5730 60 30 30 -1331 0
6210 0 30 30 -1331 0
6210 270 30 30 -1331 0
6270 270 30 30 -1331 1
6240 270 30 30 -1331 1
6300 270 30 30 -1331 1
6330 270 30 30 -1331 1
6360 270 30 30 -1331 1
6240 0 30 30 -1331 0
6270 0 30 30 -1331 0
6300 0 30 30 -1331 0
6330 0 30 30 -1331 0
6360 0 30 30 -1331 0
6390 270 30 30 -1331 1
6420 270 30 30 -1331 1
6450 270 30 30 -1331 1
6480 270 30 30 -1331 1
6510 270 30 30 -1331 1
6540 270 30 30 -1331 1
6570 270 30 30 -1331 1
6600 270 30 30 -1331 1
6660 270 30 30 -1331 1
6630 270 30 30 -1331 1
6690 270 30 30 -1331 1
6720 270 30 30 -1331 0
6720 0 30 30 -1331 0
6690 0 30 30 -1331 0
6660 0 30 30 -1331 0
6630 0 30 30 -1331 0
6600 0 30 30 -1331 0
6570 0 30 30 -1331 0
6540 0 30 30 -1331 0
6510 0 30 30 -1331 0
6480 0 30 30 -1331 0
6450 0 30 30 -1331 0
6420 0 30 30 -1331 0
6390 0 30 30 -1331 0
6930 30 30 30 -1331 0
6930 0 30 30 -1331 0
6930 60 30 30 -1331 0
6930 90 30 30 -1331 0
6930 120 30 30 -1331 0
6930 150 30 30 -1331 0
7200 270 30 30 -1331 0
7200 240 30 30 -1331 0
7200 210 30 30 -1331 0
7230 270 30 30 -1331 1
7290 270 30 30 -1331 1
7260 270 30 30 -1331 1
7200 180 30 30 -1331 0
7470 0 30 30 -1331 0
7470 60 30 30 -1331 0
7470 30 30 30 -1331 0
7470 90 30 30 -1331 0
7500 0 30 30 -1331 0
7530 0 30 30 -1331 0
7560 0 30 30 -1331 0
7830 270 30 30 -1331 0
7920 270 30 30 -1331 1
7890 270 30 30 -1331 1
7950 270 30 30 -1331 1
7860 270 30 30 -1331 1
7860 270 30 30 -1331 1
7980 270 30 30 -1331 1
8010 270 30 30 -1331 1
8040 240 30 30 -1331 0
8040 270 30 30 -1331 0
8070 270 30 30 -1331 1
8100 270 30 30 -1331 1
8130 270 30 30 -1331 1
8130 270 30 30 -1331 1
8160 270 30 30 -1331 1
8190 240 30 30 -1331 0
8190 270 30 30 -1331 0
8190 210 30 30 -1331 0
8400 0 30 30 -1331 0
8400 30 30 30 -1331 0
8400 60 30 30 -1331 0
8400 90 30 30 -1331 0
8400 120 30 30 -1331 0
8550 270 30 30 -1331 1
8580 270 30 30 -1331 1
8610 270 30 30 -1331 1
8610 270 30 30 -1331 1
8640 270 30 30 -1331 1
8640 270 30 30 -1331 1
8670 270 30 30 -1331 1
8670 270 30 30 -1331 1
8700 270 30 30 -1331 1
8730 270 30 30 -1331 1
8790 240 30 30 -1331 1
8790 240 30 30 -1331 1
8760 270 30 30 -1331 1
8760 270 30 30 -1331 1
8790 240 30 30 -1331 1
8790 240 30 30 -1331 0
8790 210 30 30 -1331 0
8790 180 30 30 -1331 0
8790 150 30 30 -1331 0
9090 270 30 30 -1331 0
9120 270 30 30 -1331 0
9090 150 30 30 -1331 0
9120 150 30 30 -1331 0
9150 150 30 30 -1331 0
9180 150 30 30 -1331 0
9150 270 30 30 -1331 0
9180 270 30 30 -1331 0
9090 120 30 30 -1331 0
9090 0 30 30 -1331 0
9090 30 30 30 -1331 0
9090 60 30 30 -1331 0
9090 90 30 30 -1331 0
9120 120 30 30 -1331 0
9120 60 30 30 -1331 0
9120 90 30 30 -1331 0
9120 30 30 30 -1331 0
9120 0 30 30 -1331 0
9150 0 30 30 -1331 0
9150 30 30 30 -1331 0
9150 60 30 30 -1331 0
9150 90 30 30 -1331 0
9150 120 30 30 -1331 0
9180 120 30 30 -1331 0
9180 90 30 30 -1331 0
9180 60 30 30 -1331 0
9180 30 30 30 -1331 0
9180 0 30 30 -1331 0
9210 0 30 30 -1331 0
9210 30 30 30 -1331 0
9210 60 30 30 -1331 0
9210 90 30 30 -1331 0
9210 120 30 30 -1331 0
9210 150 30 30 -1331 0
9210 270 30 30 -1331 0
9240 270 30 30 -1331 0
9270 270 30 30 -1331 0
9300 270 30 30 -1331 0
9330 270 30 30 -1331 0
9360 270 30 30 -1331 0
9390 270 30 30 -1331 0
9420 270 30 30 -1331 0
9450 270 30 30 -1331 0
9480 270 30 30 -1331 0
9510 270 30 30 -1331 0
9240 150 30 30 -1331 0
9270 150 30 30 -1331 0
9300 150 30 30 -1331 0
9330 150 30 30 -1331 0
9360 150 30 30 -1331 0
9390 150 30 30 -1331 0
9420 150 30 30 -1331 0
9450 150 30 30 -1331 0
9480 150 30 30 -1331 0
9510 150 30 30 -1331 0
9510 120 30 30 -1331 0
9480 120 30 30 -1331 0
9450 120 30 30 -1331 0
9420 120 30 30 -1331 0
9390 120 30 30 -1331 0
9360 120 30 30 -1331 0
9330 120 30 30 -1331 0
9300 120 30 30 -1331 0
9240 120 30 30 -1331 0
9270 120 30 30 -1331 0
9240 90 30 30 -1331 0
9270 90 30 30 -1331 0
9300 90 30 30 -1331 0
9240 60 30 30 -1331 0
9300 60 30 30 -1331 0
9270 30 30 30 -1331 0
9300 30 30 30 -1331 0
9390 60 30 30 -1331 0
9420 90 30 30 -1331 0
9330 90 30 30 -1331 0
9390 90 30 30 -1331 0
9360 90 30 30 -1331 0
9360 60 30 30 -1331 0
9240 30 30 30 -1331 0
9240 0 30 30 -1331 0
9270 0 30 30 -1331 0
9270 60 30 30 -1331 0
9330 0 30 30 -1331 0
9300 0 30 30 -1331 0
9330 30 30 30 -1331 0
9330 60 30 30 -1331 0
9360 30 30 30 -1331 0
9360 0 30 30 -1331 0
9390 0 30 30 -1331 0
9390 30 30 30 -1331 0
9450 30 30 30 -1331 0
9420 60 30 30 -1331 0
9420 30 30 30 -1331 0
9420 0 30 30 -1331 0
9450 60 30 30 -1331 0
9450 90 30 30 -1331 0
9480 90 30 30 -1331 0
9480 60 30 30 -1331 0
9480 0 30 30 -1331 0
9480 30 30 30 -1331 0
9450 0 30 30 -1331 0
9510 0 30 30 -1331 0
9510 30 30 30 -1331 0
9510 60 30 30 -1331 0
9510 90 30 30 -1331 0
3330 150 30 30 -1331 0
